1 .cache,1,1074652328,4615943327667318133
1 .cert,1,1074652328,4615943327667318133
2 angle.output.2.cert,0,1191450170,51
2 anglec.cert,0,1191449976,49
2 anglec.cpp.cert,0,1191449327,50
2 client.vcproj.cert,0,1191447664,51
2 download.cert,0,1175892141,48
2 kk25.cert,0,1161902044,50
2 libclient.so.cert,0,1185764089,50
2 newtest.txt.cert,0,1186981757,49
2 upload.cert,0,1186984711,51
1 .index,1,1074652328,4615943327667318133
2 stream.dat.idx,0,1179428157,404
1 .log,1,1074652328,4615943327667318133
1 .null,0,1194041336,79
1 .sector-fs,1,1074652328,4615943327667318133
2 -9,1,-4611697216480873152,4615572122151283428
3 82,1,-4611698384711977936,4615572122151283540
4 09,1,-4611699552943082720,4615572122151281260
5 anglec,0,1191449977,280534
2 14,1,-4611697216480873152,4615572122151283428
3 78,1,-4611698384711977936,4615572122151283540
4 98,1,-4611699552943082720,4615572122151281260
5 upload,0,1186984714,352378
2 15,1,-4611697216480873152,4615572122151283428
3 47,1,-4611698384711977936,4615572122151283540
4 62,1,-4611699552943082720,4615572122151281260
5 newtest.txt,0,1186981757,0
2 18,1,-4611697216480873152,4615572122151283428
3 66,1,-4611698384711977936,4615572122151283540
4 41,1,-4611699552943082720,4615572122151281260
5 anglec.cpp,0,1191449328,1426
2 29,1,-4611697216480873152,4615572122151283428
3 81,1,-4611698384711977936,4615572122151283540
4 59,1,-4611699552943082720,4615572122151281260
5 angle.output.2,0,1191450170,65828
2 83,1,-4611697216480873152,4615572122151283428
3 27,1,-4611698384711977936,4615572122151283540
4 71,1,-4611699552943082720,4615572122151281260
5 client.vcproj,0,1191447665,4101
1 .semantics,1,1074652328,4615943327667318133
1 .sphere,1,1074652328,4615943327667318133
2 24,1,-4611697216480873152,4615572122151210852
3 36,1,-4611698384711977936,4615572122151283428
4 85,1,-4611699552943082720,4615572122151283540
5 stream_sort_result.1,0,1202445560,0
5 stream_sort_result.1.idx,0,1202532639,8
2 26,1,-4611697216480873152,4615572122151210852
3 43,1,-4611698384711977936,4615572122151283428
4 03,1,-4611699552943082720,4615572122151283540
5 stream_sort_result.3,0,1202445560,0
5 stream_sort_result.3.idx,0,1202532639,8
2 30,1,-4611697216480873152,4615572122151210852
3 08,1,-4611698384711977936,4615572122151283428
4 00,1,-4611699552943082720,4615572122151283540
5 stream_sort_result.2,0,1202445560,0
5 stream_sort_result.2.idx,0,1202532639,8
2 98,1,-4611697216480873152,4615572122151210852
3 64,1,-4611698384711977936,4615572122151283428
4 86,1,-4611699552943082720,4615572122151283540
5 stream_sort_result.0,0,1202422945,0
5 stream_sort_result.0.idx,0,1202532629,8
1 .temp,1,1074652328,4615943327667318133
2 stream_sort_bucket.1137220938.0,0,1183068446,100
2 stream_sort_bucket.1137220938.0.idx,0,1183068446,208
2 stream_sort_bucket.1137220938.0.sort.1,0,1183068450,100
2 stream_sort_bucket.1137220938.0.sort.1.idx,0,1183068450,208
2 stream_sort_bucket.1137220938.1,0,1183068446,100
2 stream_sort_bucket.1137220938.1.idx,0,1183068446,208
2 stream_sort_bucket.1137220938.1.sort.1,0,1183068450,100
2 stream_sort_bucket.1137220938.1.sort.1.idx,0,1183068450,208
2 stream_sort_bucket.1137220938.2,0,1183068448,100
2 stream_sort_bucket.1137220938.2.idx,0,1183068448,208
2 stream_sort_bucket.1137220938.2.sort.1,0,1183068450,100
2 stream_sort_bucket.1137220938.2.sort.1.idx,0,1183068450,208
2 stream_sort_bucket.1137220938.3,0,1183068448,100
2 stream_sort_bucket.1137220938.3.idx,0,1183068448,208
2 stream_sort_bucket.1137220938.3.sort.1,0,1183068450,100
2 stream_sort_bucket.1137220938.3.sort.1.idx,0,1183068450,208
2 stream_sort_bucket.1143945173.0,0,1183068356,100
2 stream_sort_bucket.1143945173.0.idx,0,1183068356,208
2 stream_sort_bucket.1143945173.0.sort.1,0,1183068358,100
2 stream_sort_bucket.1143945173.0.sort.1.idx,0,1183068358,208
2 stream_sort_bucket.1143945173.1,0,1183068356,100
2 stream_sort_bucket.1143945173.1.idx,0,1183068356,208
2 stream_sort_bucket.1143945173.1.sort.1,0,1183068356,100
2 stream_sort_bucket.1143945173.1.sort.1.idx,0,1183068356,208
2 stream_sort_bucket.1143945173.2,0,1183068356,100
2 stream_sort_bucket.1143945173.2.idx,0,1183068356,208
2 stream_sort_bucket.1143945173.2.sort.1,0,1183068358,100
2 stream_sort_bucket.1143945173.2.sort.1.idx,0,1183068358,208
2 stream_sort_bucket.1143945173.3,0,1183068356,100
2 stream_sort_bucket.1143945173.3.idx,0,1183068356,208
2 stream_sort_bucket.1143945173.3.sort.1,0,1183068357,100
2 stream_sort_bucket.1143945173.3.sort.1.idx,0,1183068357,208
2 stream_sort_bucket.1463620966.0,0,1183068303,100
2 stream_sort_bucket.1463620966.0.idx,0,1183068303,208
2 stream_sort_bucket.1463620966.1,0,1183068303,100
2 stream_sort_bucket.1463620966.1.idx,0,1183068303,208
2 stream_sort_bucket.1463620966.1.sort.1,0,1183068304,100
2 stream_sort_bucket.1463620966.1.sort.1.idx,0,1183068304,208
2 stream_sort_bucket.1463620966.2,0,1183068304,100
2 stream_sort_bucket.1463620966.2.idx,0,1183068304,208
2 stream_sort_bucket.1463620966.3,0,1183068304,100
2 stream_sort_bucket.1463620966.3.idx,0,1183068304,208
2 stream_sort_bucket.1463620966.3.sort.1,0,1183068304,100
2 stream_sort_bucket.1463620966.3.sort.1.idx,0,1183068304,208
1 TcpParserClass.py,0,1185917546,10191
1 angle,1,1074652328,4615943327667318133
2 anl2-1193251200-dump.22.18025.pcap.csv,0,1193956430,12935
2 anl2-1193251800-dump.22.18026.pcap.csv,0,1193956430,12555
2 anl2-1193252400-dump.22.18027.pcap.csv,0,1193956430,12924
2 anl2-1193253000-dump.22.18028.pcap.csv,0,1193956430,12923
2 anl2-1193253600-dump.22.18029.pcap.csv,0,1193956430,12743
2 anl2-1193254200-dump.22.18030.pcap.csv,0,1193956398,12943
2 anomaly.cpp,0,1192020361,2415
2 anomaly.h,0,1191992532,397
2 anomaly_test.cpp,0,1192020421,2134
2 cluster.cpp,0,1193972243,3002
2 cluster.h,0,1191977609,1149
2 cluster.o,0,1193972244,119400
2 cluster.tar.gz,0,1192056350,19971
2 cluster_test,0,1193967093,177634
2 cluster_test.cpp,0,1191974409,1398
2 cluster_test.o,0,1192056807,17820
2 const.h,0,1191863408,119
2 dist.cpp,0,1191863407,9267
2 dist.h,0,1191863407,7028
2 dist.o,0,1192056806,23856
2 features.data,0,1191875953,41312
2 isi-1192883400-dump.19.14666.pcap.csv,0,1193956471,15009
2 isi-1192884000-dump.19.14667.pcap.csv,0,1193956471,18635
2 isi-1192884600-dump.19.14668.pcap.csv,0,1193956471,17888
2 isi-1192885200-dump.19.14669.pcap.csv,0,1193956471,18663
2 isi-1192885800-dump.19.14670.pcap.csv,0,1193956471,17424
2 isi-1192886400-dump.19.14671.pcap.csv,0,1193956471,18488
2 kmean.cpp,0,1193086185,1890
2 kmean.o,0,1192206090,120456
2 kmean.so,0,1192206092,177258
2 kmeans.cpp,0,1193086194,1891
2 kmeans.o,0,1193967274,5008
2 kmeans.so,0,1193972244,163400
2 libcluster.a,0,1191862946,10240
2 libcluster.tar.gz,0,1191862946,101934
2 makefile,0,1193967267,1087
2 uofc2-1193251200-dump.4.3157.pcap.csv,0,1193956129,86471
2 uofc2-1193251799-dump.4.3158.pcap.csv,0,1193956118,88724
2 uofc2-1193252400-dump.4.3159.pcap.csv,0,1193956104,78900
2 uofc2-1193253000-dump.4.3160.pcap.csv,0,1193956092,87531
2 uofc2-1193253600-dump.4.3161.pcap.csv,0,1193956079,87521
2 uofc2-1193254200-dump.4.3162.pcap.csv,0,1193956065,87437
2 util.cpp,0,1191973117,12173
2 util.h,0,1191973079,526
2 util.o,0,1192056806,27944
1 angle_dec,0,1193348926,246144
1 angle_dec.cpp,0,1193354872,395
1 angle_dec.o,0,1193348924,100392
1 angle_mv,0,1193355263,167415
1 angle_mv.cpp,0,1193355235,405
1 angle_mv.o,0,1193355244,11392
1 angletest,0,1185774632,14924
1 angletest.cpp,0,1185774630,323
1 centers.csv,0,1185917832,1460
1 cluster,0,1190840642,29357
1 cluster.cpp,0,1190840630,3788
1 cluster.o,0,1190840632,24692
1 clusterdata,0,1189826300,17509
1 clusterdata.cpp,0,1189826288,842
1 csv2Rkmeans.pl,0,1185898730,5095
1 datagen,0,1182960740,13188
1 datagen.cpp,0,1182960710,425
1 dir_data,1,1074652328,4615943327667318133
2 test.txt,0,1186800654,14
1 fs.cpp,0,1193348020,3093
1 fs.h,0,1193348021,1704
1 fs.o,0,1193348920,176536
1 lat_long_table.txt,0,1185898732,11159182
1 libclient.so,0,1185764092,1358144
1 myAngle.so,0,1185938998,15247
1 myCluster.so,0,1190327418,10119
1 myProc.so,0,1182967707,7957
1 myangle.cpp,0,1185938980,1183
1 myangle.o,0,1185938988,8224
1 mycluster.cpp,0,1190327387,2121
1 mycluster.o,0,1190327397,4076
1 myproc.cpp,0,1185760081,827
1 newfile.txt,0,1197609630,8
1 output.csv,0,1193348985,65828
1 pcap2MovingWindows.pl,0,1185898733,7738
1 randwriter,0,1202419854,16278
1 randwriter.cpp,0,1202419841,1015
1 sort,0,1202443054,40082
1 sort.cpp,0,1202796221,2344
1 sort.so,0,1202796223,42739
1 sorthash.cpp,0,1202420854,883
1 sorthash.so,0,1202420856,7958
1 stream.dat,0,1182960742,800
1 stream.dat.idx,0,1182960742,808
1 test.csv,0,1193349031,5
1 uofc2-1185190800-dump.7.3131.pcap,0,1194282282,46747037
1 uofc2-1185190800-dump.7.3131.pcap.gz.centers.csv,0,1188509080,1460
1 uofc2-1185190800-dump.7.3131.pcap.gz.output.csv,0,1188509077,65828
1 uofc2-1185190800-dump.7.3131.pcap.gzoutput.1,0,1185900091,0
1 uofc2-1185190800-dump.7.3131.pcap.gzoutput.2,0,1185900091,0
1 wrapper.sh,0,1185917764,208
